0 0 0
1 0 1
2 0 2
3 0 3
4 0 4
5 0 5
6 0 6
7 0 7
3 0 3
43 4 3
58 5 8
59 5 9
60 6 0
61 6 1
62 6 2
63 6 3
64 6 4
65 6 5
32 3 2
44 4 4
72 7 2
73 7 3
74 7 4
75 7 5
76 7 6
77 7 7
78 7 8
79 7 9
70 7 0
79 7 9
90 9 0
91 9 1
92 9 2
93 9 3
94 9 4
95 9 5
96 9 6
97 9 7
57 5 7
73 7 3
94 9 4
95 9 5
96 9 6
97 9 7
98 9 8
0 0 0
1 0 1
2 0 2
0 0 0
84 8 4
87 8 7
88 8 8
89 8 9
90 9 0
91 9 1
92 9 2
93 9 3
94 9 4
35 3 5
85 8 5
93 9 3
94 9 4
95 9 5
96 9 6
97 9 7
98 9 8
0 0 0
1 0 1
0 0 0
29 2 9
76 7 6
77 7 7
78 7 8
79 7 9
80 8 0
81 8 1
82 8 2
83 8 3
19 1 9
75 7 5
86 8 6
87 8 7
88 8 8
89 8 9
90 9 0
91 9 1
92 9 2
93 9 3
43 4 3
79 7 9
81 8 1
82 8 2
83 8 3
84 8 4
85 8 5
86 8 6
87 8 7
88 8 8
40 4 0
90 9 0
